00100000
11100010
00011000
00100000
00110000
11100011
00000000
00001111
00110100
11100100
00000000
00001111
00101000
11100101
00000000
00101100
00101000
01100101
00000000
00101100
00111100
00000100
00000000
00011111
00000000
10000001
00110000
00100000
00000000
10000001
00110000
00100010
00000000
10000001
00111000
00100100
00000000
10001000
00111000
00100101
00000000
10001000
01110000
00100111
00000000
10001000
00111000
00101010
00000001
00000100
00111000
00101010
10000000
00101000
00000000
00000010
10000100
00101000
00000000
00000010
10100000
00101001
00000000
00000010
10100100
00101001
00000000
00000100
00000001
00100001
00000000
00011010
00000000
00000000
01010000
00010000
00000000
00000000
01011000
00010010
00000001
00100010
00000000
00011000
00000000
00000000
01010000
00010000
00000000
00000000
01011000
00010010
00000000
00001010
01100000
10000000
00000000
00001010
01101000
10000010
00001000
00000000
00000000
00011011
00100000
00000001
00000000
00000001
00000101
11000001
11111111
11101100
00000101
01000001
11111111
11101100